0.45
13.24
85.58
-1.69
0.79
8.97
13.48
9.86
2.22
-2.29
18.38
6.28
11.6
28.46
17.11
-1.26
55.75
5.08
13.77
-17.24
2.79
9.41
-8.07
69.13
-46.64
6.39
52.24
23.03
16.4
61.41
-12.96
31.5
24.59
7.32
5.17
-18.39
18.0
-76.68
13.21
-28.12
-32.12
-15.82
0.27
-4.67
7.56
-9.88
-2.2
35.83
5.65
-8.83
11.18
-4.84
-11.53
5.36
39.0
-44.89
2.66
17.97
217.6
5.77
53.42
7.07
45.24
-47.97
22.53
23.14
-14.64
6.97
2.67
-2.11
24.43
9.27
31.02
-5.48
70.82
15.5
38.66
3.66
10.0
9.94
21.3
4.34
5.77
17.64
4.63
14.61
-13.94
-5.75
16.63
11.83
16.32
-7.08
80.94
125.7
-33.17
30.0
11.94
5.1
7.75
1.74
35.96
53.25
-13.41
31.26
-0.13
-20.96
-10.34
28.8
79.43
-17.05
221.01
-0.42
-4.41
4.94
0.46
-24.99
10.19
-0.88
4.84
49.73
-2.84
7.92
20.29
5.74
30.18
7.06
4.43
7.53
27.36
-4.04
20.49
22.08
4.43
11.5
167.49
50.59
16.45
12.63
13.39
1.06
-1.49
-19.77
-1.14
2.27
40.14
-10.47
80.63
76.34
11.86
34.01
6.25
6.74
1.29
10.63
-19.04
13.91
51.28
26.94
8.38
-1.3
-6.78
1.99
2.38
55.61
31.95
-24.93
7.51
88.59
28.11
5.79
25.75
431.61
20.49
-15.82
-23.7
30.19
-13.01
24.7
-21.52
44.33
26.08
112.86
55.77
8.69
6.02
11.34
-5.12
287.38
223.69
50.34
51.72
19.11
2.48
-2.59
150.24
5.65
18.04
13.0
8.98
14.56
39.77
19.28
6.76
13.0
-3.22
24.14
33.34
13.72
35.19
9.76
201.36
3.36
105.69
9.94
34.15
10.49
17.0
30.14
56.9
4.18
21.68
60.36
11.72
9.78
-7.39
6.31
61.8
46.47
14.43
60.84
72.82
55.06
2.51
51.4
-8.69
4.86
21.18
90.65
-16.11
20.04
8.07
39.85
104.4
32.8
-20.77
-1.14
39.18
9.92
-36.69
-9.04
22.7
11.04
-12.7
6.26
-17.56
-0.47
41.43
3.39
7.23
2.78
9.5
13.91
11.27
40.19
3.76
-17.02
34.77
16.67
7.81
16.66
-10.02
-9.91
590.58
-3.95
8.51
38.32
12.01
13.51
2.86
19.23
11.56
217.01
6.56
32.66
46.38
1.16
4.16
337.29
11.09
46.25
12.35
22.55
-5.45
-37.09
11.68
-38.57
-53.25
29.13
14.48
7.39
9.76
34.78
49.68
32.97
34.96
-7.36
14.98
19.45
-3.48
-7.8
-8.88
5.41
3.82
8.4
20.43
-10.88
146.98
0.03
-23.27
13.98
25.64
63.68
3.88
-19.47
44.53
49.65
12.23
104.97
-20.05
-10.9
47.64
20.15
130.18
47.0
-3.59
16.48
28.73
38.54
13.99
5.18
26.72
319.69
-4.49
13.65
203.24
-3.76
-14.69
2.18
14.27
9.26
24.46
13.36
454.7
-24.25
-1.53
79.55
41.8
2.82
23.64
13.11
7.25
101.52
20.44
-2.77
-9.07
110.49
0.44
-24.42
39.83
-3.85
13.51
6.26
216.34
-1.98
45.39
60.26
-1.07
48.24
26.69
13.68
10.92
-0.02
156.15
2.05
4.1
-2.95
30.86
48.29
10.08
17.82
5.45
-28.02
-5.57
7.3
227.24
-12.17
-4.06
37.84
45.7
8.78
5.43
1.95
34.21
11.63
32.11
151.19
49.39
4.92
3.28
6.64
15.75
172.84
3.81
27.21
124.77
147.21
11.13
24.34
43.51
4.82
-2.69
7.9
19.77
119.63
-56.42
10.92
19.57
12.6
10.96
17.24
-2.66
36.78
12.8
-42.14
10.25
-3.71
20.2
