0.048003383
0.065923505
0.027696095
0.05623904
0.08663588
0.1313961
0.05223875
0.035713542
0.22469263
0.23366533
0.13088772
0.10830535
0.04240342
0.03331934
0.025954625
0.056584593
0.036119398
0.024527235
0.071043834
0.15489528
0.085565895
0.14741944
0.092524916
0.04941423
0.03918757
0.04252459
0.050216325
0.052590173
0.073891416
0.0870772
0.067168154
0.053225487
0.18624319
0.06417075
0.1589882
0.2183986
0.034944087
0.10257597
0.029134504
0.063718274
0.23657504
0.1449668
0.24037711
0.052415155
0.052680824
0.051283926
0.06085909
0.04770958
0.11924749
0.056978468
0.04771442
0.07508486
0.07108904
0.068926655
0.037088074
0.30428928
0.024052579
0.20472589
0.035178892
0.07161331
0.05381066
0.114771485
0.066402175
0.06089685
0.02742779
0.07384093
0.157814
0.08902655
0.08125997
0.059639458
0.097494625
0.07120518
0.045857746
0.06923548
0.046772614
0.058615692
0.085182555
0.1642146
0.20798771
0.08207779
0.10134559
0.05996972
0.030295085
0.04778356
0.067222945
0.04436198
0.06505683
0.20539124
0.078734405
0.03723161
0.12962356
0.05923653
0.03526101
0.053706814
0.20792152
0.10860497
0.09121045
0.12137679
0.05538545
0.27281
0.09538351
0.0492276
0.044300467
0.0183227
0.034576014
0.17576514
0.04761751
0.03839738
0.027581578
0.04527475
0.04865338
0.12283139
0.25475684
0.07386098
0.059895117
0.20155568
0.05124428
0.053703815
0.22402677
0.06804347
0.087223366
0.12172376
0.09860054
0.07039852
0.059022177
0.08068755
0.14078824
0.17313041
0.057903133
0.07940035
0.08086694
0.037304346
0.29612383
0.14740829
0.037715867
0.09996443
0.027667547
0.1427258
0.17590158
0.1937606
0.21949866
0.065062836
0.07954358
0.10520653
0.03775386
0.13949524
0.04617017
0.029739011
0.040473104
0.08485102
0.14224753
0.0935261
0.07746906
0.039320048
0.07458746
0.04175212
0.08049689
0.09748533
0.13994895
0.07147758
0.08728436
0.04935585
0.09761679
0.03951372
0.043987896
0.14167123
0.053212438
0.042086925
0.11632155
0.09567939
0.06723015
0.047654964
0.10938121
0.18117814
0.3136561
0.1565322
0.14946154
0.06017835
0.1708998
0.032573827
0.036236774
0.06971117
0.040567614
0.13064815
0.04048446
0.07422871
0.07345843
0.041736543
0.05022398
0.037810236
0.058113884
0.10398348
0.04901135
0.06233189
0.028498955
0.02609987
0.036277685
0.11576893
0.14630038
0.027078198
0.009595202
0.037806045
0.066038616
0.030104732
0.066023044
0.12899981
0.01427865
0.17059267
0.1132354
0.03284375
0.023134898
0.047177356
0.024803672
0.07390278
0.05629257
0.06645554
0.0792143
0.05614645
0.03136854
0.034313194
0.10087634
0.122176714
0.08702381
0.16952422
0.12158444
0.086752914
0.067083046
0.0088574365
0.022886965
0.07993938
0.02456011
0.056345254
0.059446156
0.06467969
0.17553571
0.018765002
0.13138181
0.02987031
0.07924189
0.047962595
0.09937722
0.031188698
0.031157652
0.047999073
0.23888578
0.037479527
0.0667735
0.07908249
0.13517086
0.13802034
0.14148779
0.17930777
0.045049775
0.12059218
0.06595077
0.18825695
0.07098084
0.059148546
0.02690994
0.06404567
0.21748148
0.20150019
0.15451653
0.06635338
0.13236946
0.06582216
0.026104629
0.05275487
0.06474367
0.02901728
0.03610585
0.21604413
0.03657838
0.19279501
0.06389977
0.1026342
0.08253281
0.052792262
0.09933034
0.049724612
0.11680932
0.014154578
0.18067877
0.14999205
0.035659682
0.20960037
0.055122137
0.025197964
0.09061397
0.086182326
0.061567113
0.10755756
0.2801955
0.09644834
0.05557705
0.24877875
0.06114026
0.05253781
0.11334189
0.12999268
0.021361042
0.03034039
0.16794887
0.029797241
0.022118906
0.029773165
0.036885068
0.09599432
0.07925396
0.07268599
0.08343706
0.11587456
0.05994702
0.07163573
0.18707362
0.11058903
0.022858381
0.054631863
0.03005541
0.026436761
0.054530665
0.1378551
0.044825833
0.11926992
0.1628032
0.051986095
0.07008439
0.041007504
0.16590905
0.24769923
0.036707584
0.24261068
0.04751363
0.010869848
0.052490976
0.032166008
0.052970063
0.09200951
0.025537157
0.055718184
0.04853744
0.024784733
0.21422637
0.139447
0.030191908
0.17609036
0.22182895
0.090009294
0.025779553
0.11382234
0.042189863
0.042266894
0.078635454
0.05222019
0.07294517
0.050525203
0.040687583
0.15264355
0.024103478
0.055584807
0.021139424
0.012152864
0.102731384
0.059847344
0.09511085
0.039442822
0.2319797
0.26001805
0.046680782
0.05765137
0.11460501
0.07782403
0.017430784
0.037141204
0.031556197
0.03401241
0.29599345
0.071218476
0.036863998
0.18316272
0.020393673
0.08957061
0.024426168
0.065262325
0.05476341
0.19599524
0.09126135
0.12774685
0.042279787
0.032961603
0.07450624
0.30093372
0.06251021
0.19004841
0.019762957
0.14462827
0.062098935
0.03555376
0.043053035
0.028966414
0.029339503
0.06276211
0.028054828
0.13004887
0.045974564
0.028646441
0.063885726
0.04987237
0.058248173
0.056251995
0.11868608
0.06277495
0.11819628
0.030247455
0.050281484
0.055018708
0.10093517
0.08989996
0.07166588
0.1059646
0.07602041
0.1520589
0.121349946
0.012477552
0.07403441
0.043471824
0.026166087
0.06405403
0.051204655
0.03124591
0.21933728
0.034380123
0.05675313
0.20073067
0.093480855
0.12306304
0.07865562
